ID	LON	LAT
88	0.683333	47.4
108	-4.06667	48.5167
139	-4.06667	48.5167
159	3.93333	47.35
265	-1.16667	44.65
350	4.11667	46.6667
351	4.11667	46.6667
403	16.2667	49.3667
410	16.3497	49.4211
424	16.2815	49.4112
428	16.232	49.403
430	15.5	47.0
763	74.3667	42.3
765	73.4	42.1833
766	73.6333	42.5833
768	76.35	42.8
772	72.4667	37.35
991	14.0526813	55.3822641
992	14.0526813	55.3822641
997	14.0526813	55.3822641
1002	14.05	55.3833
1006	14.05	55.3833
1061	14.1333	55.7167
1062	14.1333	55.7167
1063	14.1333	55.7167
1066	14.1333	55.7167
1070	14.1333	55.7167
1158	16.5167	56.7
1166	16.5167	56.7
1254	17.0167	59.4333
1257	17.0167	59.4333
1313	16.8667	59.5667
1317	16.8667	59.5667
1552	18.3667	63.0833
4779	-4.9	50.4
4807	-4.9	50.4
4826	-4.9	50.4
4840	-4.9	50.4
4857	-4.9	50.3
4884	-4.9	50.3
4900	-4.8	50.3
4939	-4.7	50.4
4958	-4.5	50.5
5023	0.5	51.3
5104	0.5	51.3
5151	-1.7	52.2
5165	0.4	51.3
5210	0.3	51.2
5236	0.4	51.2
5249	0.3	51.2
5253	0.6	51.1
5276	1.1	51.3
5279	1.1	51.3
5349	0.4	51.1
5353	-3.0	54.5
5395	-3.0	54.4
5486	-3.3	54.6
5577	-3.4	54.7
5644	-2.9	54.4
5651	-2.9	54.4
5717	-3.2	54.6
5718	-3.4	57.0
5720	-1.6	53.3
5726	1.1	51.3
5741	-4.1	56.6
5748	-4.4	56.0
5757	-2.3	54.6
5768	-1.5	54.1
5772	-2.3	54.1
5776	-1.3	52.9
5779	-3.1	51.0
5784	-5.2	56.4
5798	-3.3	53.1
5800	-5.5	57.4
5811	-3.1	52.9
5822	-5.98333	56.7333
5830	15.9807762	56.3130014
5831	15.9807762	56.3130014
5832	15.9807762	56.3130014
5836	13.51	55.86
5837	16.2326	49.4013
5856	17.4849587	63.0091989
5860	18.0165	62.6814
5865	14.1231006	55.7565106
5867	14.1220385	55.7570661
5874	16.2815	49.4112
5890	16.2815	49.4112
5893	16.2815	49.4112
5907	16.2815	49.4112
5921	16.2815	49.4112
5950	16.2815	49.4112
5984	16.2815	49.4112
5993	16.2815	49.4112
6008	16.2	49.1
6009	18.1749827	62.8759855
6010	18.177	62.877
6011	18.1749827	62.8759855
6012	18.1749827	62.8759855
6013	18.1749827	62.8759855
6016	18.4045	62.9147
6017	18.4045	62.9147
6019	14.2786489	56.0617671
6020	14.2786489	56.0617671
6021	14.281492	56.068008
6022	14.29	56.06
6023	13.3720798	55.7501271
6024	13.3712	55.7509
6025	17.7311	62.6381
6030	18.1896	62.806
6034	13.7453108	56.0755241
6035	13.7453108	56.0755241
6036	13.7249024	56.1045244
6038	13.7249024	56.1045244
6039	13.7296953	56.1132251
6040	13.4	55.66
6041	14.7427433	56.0089259
6042	13.8561835	56.0964877
6043	18.075722	62.8003225
6046	18.2763	62.9513
6064	18.2763	62.9513
6069	18.339997	62.956806
6070	18.3448	62.9308
6071	15.7779722	56.1460908
6073	13.2155403	55.709434
6074	16.1308	56.4573
6076	13.4504	55.6942
6077	13.4504	55.6942
6085	11.2	58.9
6086	13.2197	55.6525
6087	16.1284	56.4666
6088	16.1284	56.4666
6090	13.2233	55.6514
6091	13.215	55.6525
6092	13.2147	55.6494
6094	13.2264	55.6481
6095	13.2161	55.6486
6096	13.2225	55.6472
6097	13.2178	55.6561
6098	13.2240307	55.6484554
6099	13.2386	55.6575
6100	13.2	55.6
6101	13.2	55.6
6102	13.2078964	55.6995163
6104	13.1151131	55.7892517
6105	13.1211	55.7967
6106	13.1162548	55.7925311
6107	13.1222	55.7942
6108	13.1113481	55.7895346
6109	13.1104309	55.7928025
6111	13.09336	55.7908676
6112	13.1296295	55.7990936
6113	13.1028	55.8078
6114	13.1326552	55.7932875
6115	13.1745511	55.7138306
6118	13.2954193	55.8350143
6119	13.2	55.7
6122	13.2995709	55.8362185
6123	13.3033	55.8369
6124	13.3002261	55.8379372
6125	13.3106	55.8403
6126	13.3181	55.8369
6128	13.2881	55.8397
6131	13.2995693	55.8422437
6132	13.3186	55.8386
6133	13.2906	55.8383
6134	13.5519	55.9336
6136	13.5511	55.9403
6137	13.5603	55.9419
6138	13.5539	55.9392
6140	13.5558	55.9428
6141	13.5542	55.9414
6142	13.5533	55.9497
6145	13.5508	55.9319
6148	13.5481	55.9281
6149	13.2244	55.6528
6150	13.5319	55.9261
6151	17.7311	62.6381
6153	17.7422	62.6425
6154	17.7311	62.6381
6163	17.7311	62.6381
6166	18.336	62.8622
6169	18.336	62.8622
6172	18.3436	62.8717
6173	18.336	62.8622
6174	17.6771	62.6252
6177	17.6771	62.6252
6180	18.4473	62.8794
6184	14.1328223	55.758856
6188	14.1328223	55.758856
6189	14.1328223	55.758856
6191	14.1328223	55.758856
6192	14.1328223	55.758856
6193	14.1328223	55.758856
6194	14.1328223	55.758856
6195	14.1225226	55.7567793
6198	14.1225226	55.7567793
6201	14.1206	55.7717
6202	14.1225226	55.7567793
6203	18.1749827	62.8759855
6209	18.1749827	62.8759855
6210	18.3174	63.0165
6214	18.3281	63.0175
6216	18.3283	63.0167
6217	18.3174	63.0165
6218	18.1896	62.806
6220	18.1896	62.806
6221	18.2763	62.9513
6231	18.339997	62.956806
6235	18.339997	62.956806
6237	18.339997	62.956806
6238	18.339997	62.956806
6240	18.339997	62.956806
6241	13.1960732	55.7060213
6242	13.85	55.95
6243	18.4728	62.9169
6244	14.3336	55.5796
6252	14.3336	55.5796
6255	14.334	55.5796
6258	14.3336	55.5796
6268	14.3336	55.5796
6276	14.3336	55.5796
6284	13.9583592	56.0630848
6296	16.6314	49.2771
6390	16.6314	49.2771
6396	16.6314	49.2771
6413	18.1749827	62.8759855
6424	16.2544	49.3853
6434	16.2544	49.3853
6445	16.2544	49.3853
6680	6.4333	51.85
6830	73.1	49.5
6897	1.3	45.0
6898	4.4	51.2167
6900	18.3174	63.0165
6901	18.484	63.324
6903	16.2326	49.4013
6904	16.6166	49.2
6907	-0.6383	51.4083
6908	-0.6383	51.4083
6911	-23.6167	15.1111
6913	13.9707	56.0648
6915	6.3	50.3
6917	18.3174	63.0165
6918	14.334	55.58
6919	8.0	50.3
6920	9.9355	51.5338
6922	8.0	50.3
6923	-0.6383	51.4083
6924	-0.6383	51.4083
6929	68.49	38.48
6931	73.1	49.5
6932	10.8719	47.984
6933	2.49	41.59
6938	37.6322	55.7522
6940	8.3	50.3
6943	-0.6383	51.4083
6944	-0.6383	51.4083
6945	4.45	52.24
6951	16.36	49.42
6956	16.36	49.42
6957	16.36	49.42
6958	3.3	46.0
6959	-1.41	48.5
6960	-1.41	48.5
6961	-3.53333	38.3333
6963	68.48	38.35
6966	-0.6383	51.4083
6967	-0.6383	51.4083
6968	23.5	60.0
6969	23.5	60.0
6970	2.93056	41.7194
6971	2.93056	41.7194
6973	14.7427433	56.0089259
6974	17.898516	62.7920572
6975	14.45	48.3
6976	14.45	48.3
6979	8.26	47.25
6981	30.0	52.3
6982	9.3	52.3
6984	16.2544	49.3853
6986	-2.2207	57.1539
6987	7.62551	48.0683
6989	-2.4333	54.8
6990	5.73	53.448
6992	5.3	50.3
6997	5.5833	51.8333
7000	9.57073	50.9167
7002	6.1	51.3333
7003	7.5	47.5
7008	5.675	52.0
7013	13.287	52.4584
7014	-4.79821	56.5459
7025	11.3396	44.5041
7026	-3.2667	54.4
7028	9.3166	49.5166
7031	8.6667	50.0167
7036	9.5	50.5
7058	-9.07555556	53.08
7061	-1.64293	53.2699
7062	8.26607	50.2981
7063	-13.4811	29.2144
7064	1.1	51.3
7067	15.0	37.3
7068	12.1	42.0
7071	1.33867	48.0717
7072	34.7361	53.7502
7077	-8.25	40.12
7081	-8.42639	40.2077
7092	2.823	49.416
7094	8.65081	49.8724
7096	5.04278	47.3239
7102	8.2372	50.7224
7103	16.2667	49.4167
7106	13.7336	51.051
7107	-1.5733	54.7761
7109	0.5	51.3
7111	-3.16028	55.9494
7117	9.68253	51.5105
7119	8.5	50.0
7120	8.5	50.0
7125	11.0087	49.5955
7126	24.5682	60.1997
7127	24.9871	58.6656
7130	2.56481	44.6447
7133	8.6822	50.1102
7138	8.0167	50.5
7143	5.86667	51.0167
7147	8.67825	50.584
7158	15.5	47.0
7161	10.5	53.5
7162	9.44	52.24
7163	9.73569	52.3721
7164	12.5686	55.675
7165	8.28844	51.3472
7169	9.88682	54.4175
7177	15.0	49.0
7181	11.587	50.927
7183	77.0	35.0
7186	23.8924	54.8969
7192	-5.66364	55.6395
7199	6.9666	50.95
7202	8.50861	50.1797
7203	11.5722	49.631
7208	-3.78181	55.6739
7209	15.2333	52.7333
7213	10.8719	47.984
7217	0.5	48.0
7218	4.49015	52.1611
7223	8.0666	50.3833
7231	8.0666	50.3833
7244	8.26664	50.001
7250	10.1138	51.9183
7255	20.5	50.95
7258	8.5	50.5
7268	10.981	52.6969
7273	13.2995	51.0581
7276	8.5833	50.2
7280	8.2	53.1667
7282	8.01161	50.3827
7287	8.42255	53.3422
7288	6.193019	60.385543
7296	29.0	59.0
7298	10.51	47.04
7305	10.6065	53.476
7307	-2.96591	48.0653
7314	-3.41697	54.3512
7316	5.56667	51.9667
7319	12.1	42.0
7320	1.09849	49.4424
7322	34.0	56.3
7323	38.28	49.0
7327	3.03333	41.7833
7328	3.03333	41.7833
7333	11.5614	46.5438
7337	8.02341	50.8738
7342	-3.00733	53.6473
7343	13.181	52.5339
7344	9.5	47.6667
7346	11.8558	52.6058
7347	36.0	52.0
7349	14.5	49.5
7353	4.3	52.08
7354	14.9	56.5
7372	9.9042	47.0748
7378	7.7667	48.0333
7382	5.1145	52.0918
7384	5.55	52.0333
7387	-2.3671	54.9902
7394	21.0	52.3
7396	30.0	52.3
7404	10.0667	52.6
7411	10.8134	47.9299
7413	25.3167	54.6833
7415	9.9361	49.7878
7417	8.55	47.3667
7418	8.55	47.3667
7419	8.32213	50.3058
7424	16.6166	49.2
7430	6.25	48.6167
7461	15.0	49.0
7516	16.5	56.68
7517	15.9960089	56.3065535
7520	16.81	49.38
7521	16.81	49.38
8214	2.0	49.0
8222	13.1	55.8
8227	13.85	55.95
8230	15.7832574	56.1510312
8231	15.8	57.7
8234	15.8127	56.4606
8235	17.1	48.8
8236	15.76	49.33
8237	12.9040338	56.4487477
8238	0.4	51.15
8239	7.0	51.0
8240	12.9040338	56.4487477
8241	12.9040338	56.4487477
8242	14.1262764	55.7599276
8243	11.2547	43.7703
8244	2.3086	48.6103
8247	13.7134622	56.1035094
8249	13.7296953	56.1132251
8256	14.7427433	56.0089259
8258	13.2	55.71
8259	13.2	55.71
8264	2.8	41.6833
8283	18.37	60.25
8284	16.2815	49.4112
8285	16.2815	49.4112
8290	8.5	50.0
8297	6.08	46.5
8306	11.2	58.9
8307	18.0	59.0
8311	11.5	47.5
8312	7.5	50.5
8326	14.2786489	56.0617671
8334	13.9589922	56.0681098
8335	16.6333	57.75
8337	12.37	44.0
8343	1.5	47.5
8351	18.336	62.8622
8354	56.3167	58.0
8357	2.25	41.5
8365	16.0	49.0
8366	8.5	50.5
8369	18.336	62.8622
8376	18.0	62.69
8386	18.381	62.8698
8387	18.4473	62.8794
8419	25.3167	54.6833
8420	8.5333	50.0667
8422	15.0689	57.7133
8424	77.0	35.0
8426	18.1512	57.3089
8427	13.9707	56.0648
9057	13.9167	56.1
9058	16.3675	57.2608
9067	48.7992	38.6536
9069	48.7992	38.6536
9070	48.7992	38.6536
9075	48.6131	38.7406
9078	48.6131	38.7406
9079	48.5517	38.7833
9081	48.5517	38.7833
9084	48.5517	38.7833
9085	48.5517	38.7833
9089	48.925	38.9522
9091	48.925	38.9522
9095	48.5594	38.9786
9099	48.5594	38.9786
9100	46.2831	41.8296
9102	46.2831	41.8296
9103	46.2831	41.8296
9104	46.2831	41.8296
9105	46.2831	41.8296
9106	46.2831	41.8296
9111	46.2831	41.8296
9113	46.2831	41.8296
9114	46.2831	41.8296
9115	46.2831	41.8296
9121	43.4767	41.7942
9125	44.8203	40.1408
9128	45.3622	39.8692
9130	45.3622	39.8692
9131	45.3622	39.8692
9133	45.3622	39.8692
9134	45.3622	39.8692
9298	-3.21833	55.9681
9312	-5.1525	57.9
9314	-3.96722	57.9672
9321	18.4045	62.9147
9323	14.9986	57.6781
9332	13.3742	55.7488
9336	14.2091	55.8106
9339	14.2091	55.8106
9343	18.1896	62.806
9352	16.3675	57.2608
9353	18.1896	62.806
9363	15.8979	57.3263
9369	15.8979	57.3263
9370	14.9986	57.6781
9371	18.3175	63.016
9380	13.9905	55.4234
9381	14.2091	55.8106
9382	13.399	55.7491
9383	13.399	55.7491
9386	13.399	55.7491
9388	13.9519	56.047
9390	15.8979	57.3263
9391	14.302	56.0573
9392	16.1494	57.2746
9394	16.4063	56.5804
9395	15.0105	57.5089
9399	16.1494	57.2746
9402	14.8549	57.8765
9404	18.3837	57.7215
9405	14.3997	55.9745
9407	18.4055	62.8815
9408	18.2763	62.9513
9409	14.6806	56.1633
9412	14.6806	56.1633
9413	14.3398	55.5678
9416	18.2109	57.2545
9421	18.2109	57.2545
9427	18.2109	57.2545
9433	18.5162	57.8009
9436	18.5162	57.8009
9437	14.8043	57.6511
9442	14.3336	55.5796
9450	13.8484	55.4242
9451	18.075722	62.8003225
9452	18.4840729	63.322186
9453	13.9707	56.0648
9454	14.334	55.58
9455	18.5162	57.8009
9470	13.196	55.705
9471	13.9707	56.0648
9476	13.7407939	56.0692873
9481	13.4354695	55.7170459
9503	-3.21072	55.8877
9506	-7.47	40.11
9507	-7.5	38.45
9508	-7.11	40.04
9509	-7.4	39.29
9510	-7.59	38.75
9511	-8.02	38.53
9512	-7.84	38.22
9513	-4.07	38.77
9514	-4.54	39.15
9515	-6.89	39.72
9517	-7.8	42.19
9518	-0.36	39.88
9519	2.64	41.94
9520	-3.68	41.7
9521	2.13	41.43
9522	-5.27	36.52
9523	-2.66	38.37
9524	-0.56	42.52
9525	0.54	42.49
9526	2.39	41.54
9527	-5.74	40.37
9528	-1.37	40.94
9529	-3.36	36.97
9530	-4.32	38.25
9531	-4.54	41.21
9532	-4.64	42.23
9533	-4.32	41.15
9534	-4.65	40.05
9535	3.19	42.31
9536	-2.0	40.83
9537	-6.66	38.07
9539	-6.67	40.29
9540	2.34	41.81
9541	-5.42	38.26
9542	-4.05	40.79
9543	-5.39	36.77
9544	-5.33	39.4
9545	-5.78	39.4
9546	-1.68	40.82
9547	2.62	41.67
9548	-5.0	40.4
9549	-3.69	42.23
9550	-5.37	43.05
9551	-5.92	42.28
9552	-4.5	40.87
9553	-4.71	41.58
9554	-3.16	38.86
9555	-3.93	39.58
9556	-4.34	39.66
9557	0.7	42.46
9558	-5.64	41.57
9559	-4.38	38.06
9560	-6.24	38.19
9561	-5.04	40.71
9562	2.0	41.67
9564	-1.6	40.45
9565	-1.23	42.97
9567	1.3	42.34
9568	-0.23	42.76
9569	-6.45	42.87
9571	-6.01	43.28
9573	2.99	41.86
9574	-2.7	38.6
9576	-4.11	40.86
9577	2.17	42.34
9578	-6.7	42.13
9579	-3.51	38.33
9581	-5.12	42.84
9582	-1.63	41.48
9583	-3.38	37.09
9584	-3.58	41.19
9585	-7.39	43.4
9586	-3.27	41.03
9587	-1.88	41.5
9588	0.6	42.11
9589	-2.83	41.6
9590	-5.49	43.37
9591	-3.59	42.86
9592	-5.44	42.1
9593	-2.99	42.26
9594	1.01	42.04
9595	-5.5	40.89
9596	-7.45	41.95
9597	-2.53	42.31
9598	-6.51	41.88
9599	-5.77	42.8
9600	-6.04	39.85
9601	-1.88	41.85
9602	-3.96	40.5
9606	-7.45	31.48
9607	52.15	53.05
9608	59.44	51.37
9609	59.98	51.41
9610	51.96	53.04
9611	51.9	53.04
9612	51.94	53.04
9613	61.41	55.36
9615	52.16	52.99
9616	51.96	53.06
9617	59.44	51.37
9619	79.48	51.84
9620	79.48	51.82
9621	79.46	51.84
9622	85.27	52.52
9624	79.37	53.6
9625	82.59	51.31
9626	82.59	51.36
9627	82.55	51.32
9628	82.54	51.33
9629	82.18	51.35
9630	82.16	51.34
9631	80.79	51.65
9632	80.82	51.67
9633	80.83	51.63
9634	81.31	54.13
9635	80.6	51.87
9636	80.82	51.75
9637	80.85	51.77
9638	80.86	51.73
9639	80.31	53.82
9640	80.06	51.87
9641	80.06	51.9
9642	80.06	51.84
9643	79.31	52.1
9644	18.72	45.07
9645	18.7	45.17
9646	16.170188	39.126899
9647	16.77	40.37
9648	16.28	39.48
9649	16.17	39.13
9651	14.87	40.68
9653	16.13	38.44
9655	16.47	38.92
9656	17.31	40.64
9657	16.04	38.45
9658	16.34	38.97
9659	14.18	41.18
9660	14.57	40.84
9661	16.21	39.58
9663	14.09	41.33
9664	11.2832	46.366
9665	11.2832	46.366
9666	11.2832	46.366
9667	11.2832	46.366
9668	11.2837	46.3668
9669	11.2837	46.3668
9670	11.2837	46.3668
9671	11.2837	46.3668
9672	11.2837	46.3668
9673	11.2837	46.3668
9676	11.2866	46.3718
9677	11.2866	46.3718
9678	11.2866	46.3718
9679	11.2928	46.3378
9680	11.2928	46.3378
9681	11.2928	46.3378
9682	11.2928	46.3378
9683	11.2928	46.3378
9684	11.2928	46.3378
9685	11.2928	46.3378
9686	11.2928	46.3378
9687	11.2928	46.3378
9689	11.2928	46.3378
9690	11.2928	46.3378
9691	11.2928	46.3378
9692	11.2928	46.3378
9693	11.2928	46.3378
9694	11.2928	46.3378
9695	11.2928	46.3378
9696	11.2928	46.3378
9697	23.94	41.62
9698	23.85	41.57
9699	23.14	41.37
9700	23.1	42.32
9701	25.91	43.7
9703	23.39	41.53
9704	23.39	41.53
9705	23.33	41.5
9706	24.18	41.64
9707	24.84	41.57
9708	25.35	41.62
9709	23.13	41.85
9710	23.13	41.85
9711	23.1	42.32
9712	23.1	42.32
9713	25.61	42.49
9714	25.75	41.84
9716	24.98	41.54
9717	25.47	41.66
9718	24.75	41.55
9719	25.69	41.83
9720	25.68	41.77
9721	25.33	42.72
9722	24.41	41.71
9723	23.67	41.42
9725	23.08	37.6
9726	22.04	37.07
9727	21.62	37.63
9728	18.9	48.46
9729	18.9	48.46
9730	18.94	48.47
9731	18.9	48.46
9732	18.96	48.47
9733	18.94	48.47
9735	18.94	48.47
9736	25.17	44.69
9737	22.62	45.95
9738	25.42	45.57
9739	22.33	46.01
9741	23.16	45.84
9743	25.0	45.14
9744	27.59	47.16
9745	70.05	41.45
9747	21.22	44.38
9748	21.71	44.23
9749	22.29	43.54
9754	21.37	44.66
9755	22.56	44.56
9756	21.08	44.3
9757	21.08	44.3
9758	88.4	47.75
9759	49.47	37.47
9761	35.7	33.92
9762	14.98	37.69
9764	35.84	34.1
9766	74.16	42.26
9768	9.16	48.57
9769	8.99	48.55
9770	9.01	48.53
9771	9.11	48.56
9772	8.85	48.41
9774	9.22	48.59
9775	8.79	48.41
9776	8.79	48.43
9777	9.17	48.57
9778	8.84	48.41
9779	8.78	48.5
9780	8.79	48.43
9781	9.11	48.52
9782	9.09	48.53
9783	9.05	48.52
9784	8.8	48.5
9785	9.02	48.54
9786	9.01	48.54
9787	9.0	48.5
9788	9.01	48.53
9789	8.96	48.39
9790	9.18	48.58
9791	9.2	48.6
9792	9.09	48.54
9793	9.16	48.57
9794	9.08	48.52
9795	9.11	48.5
9796	8.84	48.41
9797	9.02	48.54
9798	9.01	48.54
9799	8.85	48.39
9800	9.01	48.54
9801	9.01	48.54
9802	9.11	48.51
9803	8.76	48.42
9804	8.87	48.45
9805	9.09	48.54
9806	9.16	48.56
9807	9.22	48.6
9808	9.08	48.52
9809	9.05	48.52
9810	9.07	48.53
9811	9.05	48.52
9812	9.03	48.52
9813	8.77	48.4
9814	8.79	48.42
9815	9.02	48.54
9816	9.06	48.55
9817	-6.6	39.84
9819	-3.03	42.35
9820	-4.71	41.0
9821	2.49	41.81
9822	-4.02	40.52
9823	-5.84	43.34
9824	-4.91	42.91
9825	-3.88	40.4
9826	-6.71	42.49
9827	0.69	42.78
9828	-6.15	42.5
9830	-3.28	36.97
9831	-3.39	38.54
9832	-3.69	40.54
9833	-4.21	40.38
9834	-3.9	40.51
9835	-6.57	40.61
9836	-1.32	41.25
9837	-5.6	37.94
9838	-5.38	41.83
9839	-4.27	40.44
9840	-1.43	41.13
9841	-4.15	40.59
9843	-3.92	40.53
9844	0.19	42.27
9845	-3.96	40.48
9846	-3.02	42.31
9847	-5.7	43.31
9848	-5.77	40.11
9849	-4.11	40.65
9850	-0.7	42.86
9851	-6.1	42.96
9852	-3.75	40.46
9853	-5.91	43.33
9854	-5.88	43.36
9855	-3.89	40.57
9856	-4.0	40.51
9857	-3.8	40.33
9858	-3.8	40.98
9859	-3.88	40.5
9860	-2.62	42.24
9861	-3.21	40.72
9862	-3.67	40.45
9864	2.69	41.76
9866	-2.79	41.89
9867	-3.22	40.94
9868	2.37	41.78
9869	-5.28	36.76
9870	0.17	41.91
9871	-3.99	40.75
9873	-5.45	37.94
9874	-3.0	42.34
9875	-5.87	43.38
9876	0.99	41.34
9877	-5.6	43.02
9878	-3.62	40.78
9879	-1.12	37.6
9880	-3.44	42.72
9881	-5.32	40.46
9882	-4.26	40.46
9883	-2.56	42.1
9885	-3.68	41.14
9886	1.73	42.38
9887	-4.77	40.4
9888	-3.31	40.93
9890	-5.07	43.16
9891	2.92	41.93
9892	-6.96	42.68
9894	0.76	42.59
9895	2.57	41.78
9897	-5.63	40.95
9898	-3.58	41.14
9899	0.84	42.54
9900	-6.01	37.38
9901	-2.98	42.27
9902	-3.24	40.71
9903	-3.1	42.31
9904	-3.31	40.95
9905	-4.01	40.76
9906	4.25	40.0
9908	3.47	50.72
9909	3.3	50.59
9910	3.52	50.68
9911	4.28	47.16
9912	4.55	46.67
9914	5.33	47.58
9915	3.94	47.45
9917	4.34	46.69
9918	5.21	47.43
9920	4.32	48.54
9921	4.41	48.57
9924	4.24	48.59
9925	4.52	48.91
9926	4.1	48.86
9927	3.69	44.05
9928	3.77	44.12
9929	3.71	43.92
9930	4.14	43.91
9932	4.33	44.12
9933	3.89	43.74
9935	2.93	50.6
9937	2.69	50.79
9938	2.99	50.65
9939	-7.45	31.48
9941	-8.54	40.92
9942	-1.34	41.32
9943	-5.74	39.73
9944	-6.36	36.83
9945	-3.11	41.8
9946	-6.34	38.92
9947	-3.9	40.74
9948	-3.54	41.05
9949	-6.93	42.69
9950	0.76	42.63
9951	82.5667	51.3333
9952	82.55	51.32
9953	82.19	51.33
9955	60.46	54.09
9956	60.48	54.06
9957	51.75	53.04
9958	49.48	53.33
9959	49.48	53.33
9960	57.56	51.31
9962	15.32	40.57
9963	16.26	39.18
9964	16.23	38.36
9965	16.22	38.38
9966	15.65	40.28
9968	16.27	39.27
9969	16.45	40.18
9970	11.2376	46.3716
9971	11.331	46.513
9972	11.331	46.513
9973	11.2832	46.366
9974	11.2928	46.3378
9975	11.2928	46.3378
9976	11.167	46.2543
9978	10.817	46.6297
9979	11.23	46.36
9980	16.17	38.62
9981	16.24	38.76
9982	16.47	39.01
9983	12.87	41.62
9984	12.87	41.62
9985	23.65	41.43
9986	25.2	41.59
9987	23.5	41.43
9988	43.4767	41.7942
9990	46.2831	41.8296
9991	46.3728	41.2381
9993	42.2394	38.6425
9995	9.4	48.14
9996	8.8	48.52
9997	9.16	48.56
9998	8.82	48.43
9999	9.06	48.53
10001	9.05	48.52
10002	9.04	48.53
10004	25.74	44.46
10005	21.95	46.11
10006	34.3814	44.6419
10008	70.05	41.45
10009	70.05	41.45
10010	70.05	41.45
10011	45.3622	39.8692
10012	48.5594	38.9786
10013	48.6131	38.7406
10014	48.7992	38.6536
10015	71.3	37.29
10017	21.46	44.34
10018	20.16	44.84
10020	16.5	49.17
10022	7.7667	48.0333
10023	15.45	68.8
10027	7.765567	48.02838
14312	34.12	62.02
14313	34.12	62.02
14314	35.11	61.59
14315	35.11	61.59
14318	34.24	61.94
14319	34.24	61.94
15560	61.37	61.37
15591	14.72665	48.3315333
15592	14.7158667	48.3314667
15593	14.7158667	48.3314667
18694	32.09	60.4
18696	30.63	61.57
19949	14.7181667	48.3268333
19950	14.7181667	48.3268333
19951	14.7181667	48.3268333
